-1.062467355901224875e-01
1.764805728138756358e-01
1.560854711985809051e-01
6.905200356025036346e-01
6.694127805765809347e-01
8.706901090040640723e-01
8.285922428492927816e-01
9.434476705943452002e-01
8.001188654441766523e-01
8.715559466254928500e-01
9.637384343757597893e-01
7.582047014180350875e-01
6.123201101941255775e-01
3.775795039528033192e-01
2.207065336952755974e-01
1.348848401161901189e-01
3.453499331132284245e-02
-5.952481433605430472e-02
-3.385651273918436344e-01
-6.260993203173487176e-01
-4.907446298944457830e-01
-5.788217723134293502e-01
-8.153755358079709525e-01
-8.957631533346774866e-01
-8.529265646819805813e-01
-9.305663337686658210e-01
-6.796341337948054173e-01
-6.846849228775442331e-01
-5.267189410366056590e-01
-2.417163376425053578e-01
-2.357954087958761824e-01
1.771645032864168079e-01
-2.831698557512895564e-01
-5.495166683907355409e-01
-5.696756723645221010e-01
-4.921954325261418961e-01
-4.481517334033873201e-01
-1.295806119829226999e-01
-1.527470573232267981e-01
2.307796673856941372e-01
2.088357596092735580e-01
2.828662256411939024e-01
6.439070527189370008e-01
7.149611442730439137e-01
-4.262842763776014676e-02
-2.942855339739739451e-01
-3.756157794588483867e-01
-5.112834336452836137e-01
-4.492761223889437661e-01
-3.765722647559009983e-01
